# Mx	 My	Mz	  T11           T22		    T33	
0.010	0.010	-0.020	0.20337	    0.20337	0.00128	    -23.63538
0.005   0.005   -0.011  -0.24221    -0.24221    0.05859     -17.60877
0.002   0.002   -0.004  -0.41579    -0.41579    0.06180     -11.67902
0.000   0.000   -0.001  -0.33934    -0.33934    0.04371     -5.83162
0.000	0.000	0.000	-0.03572    -0.03971	-0.03069    0.00071
0.000	0.000	0.000	-0.34022    -0.34022	0.04195	    5.83160
0.002	0.002	-0.004	-0.41200    -0.41200	0.06779	    11.67867
0.005	0.005	-0.011	-0.24424    -0.24424	0.05985	    17.60901
0.010	0.010	-0.020	0.20689	    0.20689	0.00033	    23.63464
