# Mx	 My	Mz	  T11           T22     T33	T12
0.017	-0.017	0	0.20371	    0.20371	0.00000	-23.63395
0.010   -0.010  0       -0.24288    -0.24288    0.05979 -17.60810
0.004   -0.004  0       -0.40465    -0.40465    0.07131 -11.67893
0.001   -0.001  0       -0.34558    -0.33821    0.04208 -5.83217
0.000	0.000	0	-0.03847    -0.02766	-0.03348 0.0000
0.001	-0.001	0	-0.33812    -0.33812	0.04467	5.83159
0.003	-0.003	0	-0.39853    -0.39853	0.07159	11.67859
0.010	-0.010	0	-0.24445    -0.24445	0.06182	17.60882
0.017	-0.017	0	0.20299	    0.20299	0.00105	23.63453
