# Mx	 My	Mz	  T11           T22		    T33	         T12
-0.010	0.010	0	-0.01979	-0.01979	-0.18829	-26.90713
-0.008	0.008	0	-0.52620	-0.52620	-0.10019	-20.17568
-0.001	0.001	0	-0.74822	-0.74822	-0.13630	-13.46142
0.001	-0.001	0	-0.67654	-0.67654	-0.19322	-6.74656
0.000	0.000	0	-0.32453	-0.32453	-0.32453	0.00000
0.001	-0.001	0	-0.67575	-0.67548	-0.19046	6.74547
-0.001	0.001	0	-0.73934	-0.73934	-0.12916	13.46142
-0.008	0.008	0	-0.52920	-0.52920	-0.10250	20.17541
-0.010	0.010	0	-0.01943	-0.01943	-0.18788	26.90711
