# Mx	 My	Mz	  T11           T22		    T33		T12
-0.005	-0.005	0.011	-0.02212	-0.02212	-0.19107	-26.90701
-0.005	-0.005	0.010	-0.51475	-0.51475	-0.08187	-20.17641
0.000  	0.000	0.000	-0.72465	-0.72465	-0.11423	-13.46135
0.001	0.001	-0.002 	-0.67278	-0.67278	-0.19338	-6.74620
-0.001	-0.001	-0.001	-0.30971	-0.30971	-0.30971	0.00000
0.001	0.001	-0.002	-0.67519	-0.67519	-0.19169	6.74649
0.000	0.000	0.001	-0.71994	-0.71994	-0.11144	13.46106
-0.005	-0.005	0.010	-0.53286	-0.53286	-0.10905	20.17628
-0.005	-0.005	0.011	-0.02268	-0.02268	-0.19169	26.90698
