# Mx	 My	Mz	  T11           T22		    T33	
0.005	0.005	-0.009	0.07118	         0.07118	-19.27752
0.004	0.004	-0.008	0.01727	         0.01727	-14.51536
0.003   0.003   -0.006  -0.02059        -0.02059        -9.72340
0.002   0.002   -0.004  -0.03439        -0.03439        -4.90486
0.000	0.000	0.000	-0.03572	-0.03971	-0.03069
-0.002	-0.002	0.004	-0.02920	-0.02920	4.87637
-0.005	-0.005	0.009	-0.00136	-0.00136	9.81977
-0.007	-0.007	0.013	0.02809	        0.02809	        14.80658
-0.009	-0.009	0.018	0.05804	        0.05804	        19.77739
